% Color file

% Grayscale
color_gray = [1 1 1];


% MATLAB R2014b defaults:
color_grover      =  [ 0         0.4470    0.7410 ];
color_beaker      =  [ 0.8500    0.3250    0.0980 ];
color_extracheesy =  [ 0.9290    0.6940    0.1250 ];
color_grimace     =  [ 0.4940    0.1840    0.5560 ];
color_kermit      =  [ 0.4660    0.6740    0.1880 ];
color_brightblue  =  [ 0.3010    0.7450    0.9330 ];
color_pumbaa      =  [ 0.6350    0.0780    0.1840 ];